4
4
179
2
3
5
6
6
4
4
4
6
5
5
177
179
2
4
6
7
9
4
4
4
5
4
5
5
6
177
177
179
2
4
7
8
9
4
4
4
4
4
5
4
5
5
177
177
178
1
1
4
8
8
7
3
0
1
1
4
4
4
4
4
5
6
4
2
179
178
178
179
1
4
5
5
8
0
175
0
178
0
1
4
4
4
5
6
5
6
6
3
2
1
0
1
179
0
2
5
5
169
170
169
177
0
0
0
4
4
4
4
6
6
8
7
6
4
3
1
1
179
178
0
3
3
0
160
145
150
160
169
175
174
0
4
3
4
6
6
6
9
8
6
4
3
0
179
178
175
169
170
170
156
133
125
133
145
150
163
170
174
179
1
4
4
6
7
7
9
8
7
6
4
1
177
177
170
169
163
156
140
126
120
120
124
124
130
141
156
170
177
1
2
4
6
7
7
8
7
7
6
5
4
0
177
174
164
156
145
133
125
115
120
113
113
120
125
130
146
158
170
179
1
4
5
5
7
7
7
7
7
7
5
4
2
176
174
164
158
146
138
130
124
120
120
113
113
113
113
120
128
146
164
174
177
2
4
4
5
6
7
5
5
4
4
2
178
176
169
159
153
138
128
128
125
120
120
113
111
111
116
116
125
138
155
169
175
0
3
4
5
5
7
5
4
3
4
2
2
177
173
166
155
142
135
128
129
125
120
120
111
111
111
112
116
120
128
142
159
173
178
1
3
4
5
8
5
2
2
1
179
177
174
171
161
150
138
135
129
129
124
125
120
109
111
111
112
113
116
125
138
155
171
177
179
1
4
5
10
8
4
2
0
179
178
175
173
167
159
147
138
133
128
128
128
125
115
109
111
113
112
113
116
120
135
155
167
175
179
1
3
4
8
8
6
2
179
178
178
176
175
172
170
164
160
152
150
144
138
138
135
130
133
124
125
125
125
128
138
150
162
170
176
179
0
2
3
3
6
5
4
0
178
177
178
176
175
174
174
174
172
170
167
167
166
161
157
150
144
146
146
152
159
162
167
170
175
177
178
179
0
1
2
3
5
4
3
178
177
177
177
176
176
175
175
174
174
174
172
172
172
170
166
156
152
153
157
162
164
170
172
174
177
177
179
0
179
1
1
2
4
6
5
4
3
179
178
177
178
177
177
176
175
174
174
174
174
172
173
172
167
162
159
159
162
165
167
170
174
175
178
179
179
179
179
0
2
2
3
6
5
5
3
179
177
177
177
177
177
176
176
175
174
174
174
174
172
172
170
164
163
163
165
168
170
172
174
176
177
179
179
179
0
1
1
1
3
7
5
5
3
1
178
178
178
177
177
177
175
176
175
173
174
174
174
174
172
168
165
165
168
170
171
173
174
176
178
178
178
179
1
1
1
2
2
4
6
5
3
1
179
178
178
178
177
177
177
177
176
175
173
174
174
174
174
170
168
168
170
171
173
174
175
177
177
178
179
1
0
0
1
2
2
4
7
5
4
1
0
179
179
179
178
178
177
176
175
175
175
175
175
175
174
171
171
171
173
174
175
175
177
177
178
179
0
0
0
0
2
2
2
7
5
4
2
0
0
0
0
179
179
178
177
176
176
175
176
176
175
175
173
173
174
173
174
175
176
177
178
178
0
0
0
1
1
1
2
3
6
5
2
0
0
0
0
0
178
177
177
176
177
176
177
177
176
176
175
175
175
175
176
177
176
177
178
179
179
0
0
2
2
2
2
3
7
5
3
2
1
0
0
0
179
178
178
177
178
177
177
176
177
177
177
177
176
177
176
177
177
177
178
179
179
0
1
1
2
2
2
3
7
6
4
3
2
1
1
0
0
179
179
178
178
178
178
177
177
177
177
178
178
178
178
178
178
178
178
179
179
0
1
2
3
4
2
7
7
5
4
3
2
2
1
1
0
179
179
178
178
178
178
178
178
178
179
178
179
178
178
178
179
179
0
0
1
2
3
4
4
3
7
6
5
4
4
3
2
1
1
0
0
179
0
178
179
179
179
0
0
179
179
178
179
179
0
0
0
1
2
2
3
4
4
4
6
5
4
4
4
3
2
1
0
0
179
179
178
178
179
0
0
0
179
0
179
0
179
0
0
0
1
2
2
3
4
4
7
6
5
5
4
3
2
2
0
0
0
0
0
0
179
0
0
1
0
0
179
0
179
0
0
1
1
2
3
4
4
6
5
5
5
4
3
2
1
1
0
0
0
179
179
0
1
2
1
1
1
1
1
1
2
2
2
3
4
7
6
6
4
4
3
2
2
1
1
1
0
0
1
1
2
3
3
4
4
4
4
4
5
4
7
5
5
4
4
2
2
1
1
0
1
0
1
2
4
4
4
4
5
5
5
6
5
5
4
4
2
2
1
1
0
1
0
1
2
4
3
4
4
5
5
3
4
2
3
1
2
0
1
0
1
3
5
4
5
5
4
3
3
2
2
1
2
1
2
4
6
