15
15
15
14
14
16
14
14
14
14
14
14
13
13
13
13
13
13
13
13
13
13
12
12
13
15
14
14
14
13
12
12
11
12
15
14
14
14
15
12
13
10
13
14
14
13
13
12
9
12
11
13
13
13
11
11
12
12
11
11
11
11
11
11
13
13
14
11
8
11
11
12
12
12
13
14
12
13
11
8
11
11
12
11
13
13
13
12
11
11
10
11
13
13
13
13
13
12
12
11
10
11
12
12
12
12
12
11
11
11
11
10
10
11
13
11
11
11
11
11
12
12
12
11
12
11
10
12
12
13
10
12
12
12
12
11
11
11
11
11
11
11
13
11
10
10
10
10
11
10
12
10
11
11
11
11
11
11
11
11
11
11
13
13
11
10
10
8
9
11
9
14
9
11
11
11
11
11
11
11
9
9
11
11
12
14
13
12
11
12
8
9
8
11
11
13
8
11
11
11
11
11
11
11
9
9
11
11
12
13
14
13
12
11
12
8
8
5
8
8
14
5
11
11
11
11
11
11
11
11
11
11
11
12
13
11
14
13
13
10
10
9
8
6
11
11
8
8
8
5
11
11
11
8
11
11
11
11
14
11
13
11
15
14
13
13
10
10
9
8
11
6
6
11
11
13
8
8
5
11
11
11
11
11
11
14
11
15
13
17
14
13
13
11
12
10
5
5
11
6
6
6
0
11
6
8
5
5
11
11
11
11
11
14
11
15
13
17
17
14
13
13
11
12
10
5
5
0
165
165
20
6
13
11
11
8
8
11
11
11
11
11
14
11
15
13
17
17
16
15
15
13
13
12
12
11
16
19
13
13
13
13
11
11
11
8
8
11
13
11
14
14
12
15
14
17
17
16
16
17
17
15
15
15
17
21
21
23
21
16
13
6
6
6
0
11
8
16
15
17
15
15
13
14
17
18
17
17
17
17
17
19
22
21
21
16
16
11
6
0
0
11
8
16
17
16
16
15
14
17
17
17
17
19
17
19
15
16
8
11
6
6
8
11
14
15
16
16
16
16
17
19
17
17
15
14
11
11
5
5
8
11
12
13
15
17
16
17
17
19
15
15
13
13
11
9
5
9
10
12
11
12
13
15
17
20
17
14
14
13
13
10
10
9
9
8
11
11
11
12
13
17
14
15
14
12
13
11
11
11
11
11
11
11
11
10
13
15
14
14
15
13
12
13
13
13
13
11
12
11
11
10
12
15
14
14
15
14
13
14
13
13
13
12
12
11
11
10
13
14
16
14
14
13
13
12
12
12
11
11
16
16
