2
3
3
178
2
2
2
1
0
0
0
0
1
0
178
178
178
178
178
179
0
1
0
1
0
1
0
0
177
176
177
177
177
1
0
1
0
1
0
0
0
179
177
176
177
177
0
0
1
1
2
1
2
1
0
0
0
179
179
178
176
177
178
178
179
1
0
2
2
4
2
3
1
1
179
0
178
178
177
177
178
178
178
179
178
0
178
178
0
0
2
2
4
3
4
1
1
178
179
178
178
177
177
177
178
178
179
179
177
179
179
2
3
6
4
5
2
1
178
178
177
177
177
177
178
178
179
0
0
176
178
179
2
4
8
6
6
2
2
178
178
176
176
177
178
178
179
178
179
0
176
175
178
177
2
2
7
5
6
1
1
177
178
175
175
176
178
178
179
178
179
0
0
175
175
176
178
179
1
4
5
4
1
179
177
176
176
176
176
177
178
178
179
0
1
1
0
179
179
178
177
175
175
175
176
177
179
1
1
2
1
1
179
178
177
176
176
176
177
178
178
179
0
1
1
1
179
179
178
178
178
176
175
175
176
177
178
179
0
0
0
0
179
178
177
177
177
177
176
178
178
179
179
178
178
178
178
177
177
177
178
178
179
179
0
0
1
1
0
0
179
179
177
177
176
178
179
178
178
178
178
178
177
177
177
177
178
178
178
179
179
179
179
179
0
0
0
179
177
175
0
0
179
179
178
178
178
178
178
178
178
178
178
178
179
179
179
179
0
1
2
2
0
177
0
0
179
179
178
178
178
178
179
178
178
178
178
178
178
179
179
179
179
179
179
0
1
0
0
179
179
178
178
177
177
177
178
0
0
0
0
0
179
179
179
0
178
179
179
179
0
179
179
179
179
178
177
177
176
177
179
0
0
0
0
0
0
0
179
179
179
0
178
179
178
179
0
0
0
179
178
178
177
178
179
0
0
0
0
0
0
1
1
1
0
1
1
1
179
1
1
0
179
178
178
0
0
0
0
0
0
1
1
1
1
1
1
1
1
2
2
1
179
0
0
1
2
2
0
0
1
2
1
1
1
1
1
0
0
1
1
1
1
0
0
0
1
1
1
0
0
1
1
1
0
0
0
0
1
1
0
0
0
0
1
1
2
1
1
0
0
0
0
0
0
0
0
0
0
2
2
1
0
0
0
0
0
0
0
0
179
0
0
3
2
1
1
0
0
0
179
179
0
0
179
179
179
179
179
179
1
0
0
0
0
0
0
0
0
179
0
0
0
0
0
0
1
0
0
0
0
0
0
0
0
2
2
2
1
2
2
3
