11
12
11
12
10
11
9
12
11
12
10
11
10
11
9
10
8
9
8
9
12
11
13
11
13
10
11
9
10
7
9
6
8
6
8
6
9
12
12
11
11
11
11
10
10
9
9
7
7
6
6
6
6
6
7
11
12
13
13
13
13
11
9
9
8
8
7
7
6
6
5
5
5
5
4
6
9
11
10
11
11
13
13
13
12
11
11
11
11
8
8
8
6
6
5
5
5
6
6
7
8
11
9
7
8
8
9
5
5
8
12
13
11
13
12
11
9
9
9
8
9
9
7
8
8
8
11
13
10
9
7
6
9
2
177
170
177
11
13
13
12
14
13
11
11
11
11
8
9
8
9
9
10
13
13
11
10
9
9
8
5
2
177
170
0
11
12
12
14
13
14
14
8
8
5
5
8
9
10
9
10
13
15
14
11
10
10
8
7
8
5
177
170
0
11
14
11
13
14
13
11
11
11
6
6
5
8
9
8
10
12
15
13
42
34
21
15
12
11
9
9
8
5
5
3
0
173
173
8
16
14
13
13
13
6
6
6
0
0
6
5
8
5
9
12
15
50
66
55
35
21
16
14
12
10
7
9
5
5
177
170
140
165
13
13
13
13
20
0
0
0
140
173
173
0
6
5
5
9
11
12
96
70
60
42
25
16
13
9
10
8
5
5
3
0
173
120
120
20
24
20
0
120
110
110
110
126
120
173
0
177
3
5
8
14
15
87
80
73
66
42
25
16
11
8
5
5
3
177
173
140
114
114
75
75
75
110
114
103
103
103
114
114
140
173
0
6
3
11
14
15
12
73
70
55
36
19
13
8
3
177
0
173
140
126
114
103
103
96
96
103
103
103
103
103
109
114
140
173
0
6
3
11
11
15
12
79
73
70
50
30
6
6
170
170
173
140
126
114
109
109
103
103
101
101
103
103
106
106
109
114
126
173
0
6
5
11
11
14
12
12
90
85
79
79
80
83
75
0
165
140
140
120
114
114
109
109
103
103
103
103
103
104
104
106
106
109
114
126
173
0
6
5
8
13
15
14
12
85
84
85
80
79
79
90
96
110
114
114
114
115
109
109
103
103
103
103
103
103
103
104
104
106
109
115
126
140
173
6
5
8
11
13
15
14
14
85
85
84
84
85
87
96
101
101
109
109
109
111
106
106
106
106
104
103
103
103
103
106
106
103
109
115
126
173
0
3
5
5
9
11
13
14
14
79
85
84
84
85
85
93
96
98
103
106
106
106
106
106
104
104
104
103
103
103
103
106
106
103
109
114
140
173
6
5
5
8
9
11
13
14
14
90
90
95
95
104
104
106
106
106
106
104
104
104
104
103
101
103
103
103
103
109
109
114
165
0
6
5
5
8
10
11
13
14
14
90
90
90
95
98
98
104
104
104
101
98
95
95
95
101
96
103
103
103
103
114
120
165
6
11
5
8
9
8
10
14
14
14
98
93
87
87
87
87
96
96
96
93
93
93
90
93
90
90
87
83
75
50
50
30
30
20
13
11
13
14
11
11
9
9
11
11
12
12
103
103
98
90
101
87
96
87
96
87
93
85
90
85
90
85
90
87
83
30
36
36
24
24
13
13
14
14
13
13
11
11
9
11
12
13
13
103
106
106
98
96
98
93
95
93
95
90
95
90
95
90
92
90
92
93
83
50
30
30
24
24
13
13
14
14
13
11
9
9
11
11
13
14
14
75
103
106
104
104
95
95
95
95
95
95
95
95
92
92
92
92
90
92
90
80
50
30
30
24
24
19
13
14
14
11
11
9
11
11
12
14
17
14
21
25
30
96
109
106
101
98
98
98
98
95
95
95
95
95
95
95
95
93
95
92
90
75
50
30
24
24
19
13
14
14
11
11
11
11
10
13
17
17
15
18
21
25
30
75
114
103
101
98
98
95
95
95
95
95
95
95
95
93
93
93
93
92
90
75
75
50
30
24
19
13
14
11
11
14
11
12
12
13
17
18
15
18
21
25
36
75
110
101
101
99
99
99
99
98
98
98
98
95
95
95
95
95
95
95
96
83
75
50
30
24
19
13
14
11
11
11
10
12
10
13
15
17
21
21
25
36
30
110
103
101
99
99
99
98
98
98
98
95
95
95
95
95
95
95
95
96
96
110
75
0
30
13
13
14
13
9
11
12
13
11
13
17
21
25
36
30
120
103
101
99
99
99
98
98
98
98
95
95
95
95
95
95
95
95
95
90
96
75
0
30
13
13
14
13
9
11
12
11
11
13
15
25
36
30
0
120
103
101
99
99
99
99
98
98
98
98
95
95
95
95
95
95
95
95
101
103
96
75
30
20
13
14
11
11
12
11
13
12
13
15
36
50
75
110
110
103
95
98
98
95
95
95
95
95
95
95
95
93
93
93
93
95
95
96
101
96
75
30
20
13
14
11
11
12
11
12
11
13
15
50
75
83
96
110
110
103
98
98
98
98
98
95
95
95
95
95
95
95
95
93
95
95
95
98
103
101
96
0
20
13
14
14
11
11
11
12
13
13
13
80
90
90
101
103
103
103
98
95
95
95
95
95
95
95
95
92
92
92
92
90
92
92
101
95
98
101
96
0
20
13
14
14
11
11
11
11
11
13
90
96
96
96
101
101
103
101
101
96
98
93
95
93
95
90
95
90
95
90
92
90
92
95
98
101
98
101
103
0
20
13
14
14
12
11
12
13
11
11
101
96
95
95
95
98
98
103
101
101
90
101
87
96
87
96
87
93
85
90
85
90
85
90
90
95
101
98
101
103
75
20
13
14
14
12
11
12
13
11
98
95
104
106
103
103
103
101
101
90
101
87
90
87
87
87
87
85
87
85
87
85
95
95
98
96
96
75
24
13
16
14
15
13
13
13
12
95
95
104
106
109
109
115
109
109
103
109
101
103
101
101
96
87
87
87
87
80
87
90
90
96
87
83
50
35
21
18
15
15
13
13
13
104
106
109
115
111
111
109
109
109
109
103
103
101
101
87
87
87
87
80
80
87
87
87
80
66
42
25
23
18
16
13
15
13
13
30
83
87
95
92
95
95
98
101
104
103
109
109
103
103
103
103
101
101
101
101
90
90
90
90
80
80
80
80
87
87
87
80
66
42
25
21
15
16
13
15
13
8
24
75
90
93
95
95
95
98
95
95
98
103
103
98
98
98
98
96
101
101
90
90
90
90
80
80
80
83
80
87
80
80
66
42
35
21
21
15
15
11
13
13
165
96
96
93
95
92
95
95
95
96
96
96
93
93
93
93
93
96
87
87
90
80
83
83
83
66
50
66
80
80
83
50
36
25
16
16
14
15
11
13
13
95
95
95
90
93
93
96
93
90
90
90
90
93
87
87
80
80
83
83
50
50
30
30
50
83
66
50
36
24
19
14
15
11
13
11
13
90
90
90
93
87
87
87
85
84
84
85
87
79
80
80
80
66
50
30
30
24
24
24
30
30
30
24
13
13
11
14
11
13
11
93
93
87
87
87
87
87
85
84
84
80
79
80
80
70
66
50
30
24
24
13
13
13
24
24
13
19
13
14
11
11
12
11
11
90
87
87
87
87
80
80
80
79
80
80
79
79
73
70
66
50
36
24
19
19
13
13
13
19
19
13
14
11
11
9
10
10
11
90
90
50
66
80
79
80
73
70
70
66
42
36
25
19
19
13
13
13
8
8
14
11
13
11
11
10
10
11
36
50
66
66
55
42
42
36
25
25
19
19
16
14
14
14
11
11
11
8
9
9
10
9
13
20
30
36
36
24
24
19
19
13
16
16
14
14
14
11
8
9
9
10
10
8
11
11
11
11
8
8
8
8
14
14
14
13
13
13
13
3
3
3
5
5
5
13
13
15
14
