6
6
6
7
7
8
7
4
4
5
5
6
6
7
7
8
7
7
6
5
5
5
5
5
5
5
5
7
8
7
7
6
6
5
6
6
5
4
4
4
3
4
6
7
5
5
5
5
5
4
8
7
6
5
4
3
1
0
2
4
4
5
5
4
4
4
4
4
8
8
7
7
5
3
1
179
175
175
1
3
4
3
2
2
3
2
4
4
8
8
8
6
5
2
179
175
170
170
176
0
1
1
2
1
2
2
4
3
5
6
6
8
9
8
8
7
4
2
175
170
164
164
173
177
176
179
178
179
1
2
1
5
6
7
7
8
8
8
8
7
6
3
1
175
167
162
160
167
173
176
176
178
179
1
2
1
5
5
6
7
9
9
9
8
8
8
7
6
6
3
179
175
167
162
160
167
171
172
175
176
177
179
2
1
5
5
6
7
8
9
8
8
7
8
7
5
4
2
177
175
170
164
164
167
171
172
175
177
178
179
2
1
3
4
6
7
8
8
8
8
8
4
4
3
179
178
175
172
170
170
170
170
172
175
175
178
179
0
0
3
4
5
6
7
7
8
8
8
11
11
12
2
1
1
178
178
176
175
176
174
174
172
170
172
175
175
177
179
0
0
3
5
6
7
8
8
8
8
9
11
12
11
10
179
176
175
177
176
175
177
179
178
173
172
173
174
176
177
177
0
0
1
3
5
6
7
7
8
8
8
7
11
12
11
11
11
174
174
174
173
175
176
177
1
2
179
174
172
173
174
176
177
177
0
0
1
3
5
6
8
8
8
8
8
8
8
8
7
5
10
10
11
10
9
6
4
4
0
171
171
167
170
172
175
177
179
0
179
175
174
176
175
175
177
178
179
179
0
1
3
5
6
6
6
6
7
7
7
7
8
8
8
8
7
9
6
6
3
1
179
178
175
172
168
167
165
168
170
174
174
177
178
179
178
177
177
176
176
177
177
179
179
179
1
3
5
6
6
5
2
1
4
4
6
8
9
10
11
11
5
4
2
0
178
177
174
172
168
165
165
166
168
171
173
175
177
177
177
178
178
178
176
177
177
177
179
0
0
1
4
4
5
3
179
177
1
4
6
8
9
11
11
12
4
4
1
179
177
177
172
170
165
163
163
164
165
170
172
174
176
176
177
177
177
177
174
176
176
176
178
178
178
0
2
2
3
2
177
178
179
2
4
7
9
11
11
12
11
6
4
3
1
179
177
175
170
167
162
159
159
159
163
165
170
174
175
175
175
175
175
175
174
175
174
174
175
175
177
178
178
178
179
179
176
175
0
3
4
6
8
10
10
11
11
10
8
5
4
3
1
178
176
175
167
164
157
152
152
156
157
162
167
170
172
174
175
175
175
175
172
174
174
174
172
172
172
173
172
173
174
173
173
175
178
2
3
5
8
9
10
10
11
10
10
9
8
6
5
4
2
178
176
176
170
162
157
146
144
144
144
146
152
161
166
171
170
170
170
170
173
170
172
170
170
170
167
167
167
162
161
157
161
170
172
176
178
2
4
5
8
9
9
10
8
8
9
9
8
6
5
3
1
176
174
171
166
157
147
138
133
133
133
133
138
142
153
158
159
166
167
167
170
167
170
167
167
164
164
162
159
150
144
136
146
167
173
175
177
0
4
4
6
6
8
8
8
6
6
10
9
8
8
6
3
1
1
172
166
166
159
147
138
129
125
125
125
125
125
128
130
138
146
157
161
162
167
167
167
167
167
162
162
156
146
141
133
127
136
160
170
172
175
178
0
2
4
5
5
5
5
6
6
4
11
9
8
7
5
3
1
179
170
159
158
153
142
135
129
125
124
122
120
120
120
120
120
124
142
155
157
161
162
164
167
167
162
160
152
144
136
127
122
128
152
167
170
172
174
178
0
2
2
4
4
5
5
5
5
5
12
11
9
8
6
3
2
179
175
171
159
155
153
142
135
129
125
125
120
120
116
116
116
113
120
128
142
147
155
161
166
167
167
164
160
156
144
136
127
122
127
150
162
167
170
173
174
178
0
2
2
2
4
4
5
5
6
6
11
9
7
5
2
179
176
174
167
157
157
155
147
142
138
135
128
125
120
120
116
116
116
116
125
128
138
153
159
166
167
170
167
167
160
150
141
133
125
128
146
159
162
167
170
173
175
175
177
179
2
3
3
3
4
5
5
6
11
9
7
4
1
178
174
172
164
159
159
157
150
150
147
138
135
128
125
120
120
116
116
116
116
120
128
146
159
169
170
172
173
170
167
159
150
138
133
133
144
152
159
162
167
170
172
174
175
177
0
2
3
3
4
5
6
5
9
8
6
4
0
177
174
170
164
162
162
160
159
159
157
150
147
142
135
128
125
120
120
116
116
116
125
146
164
169
176
175
177
175
172
167
161
155
144
138
144
150
152
159
164
167
170
172
175
177
178
0
1
2
4
4
5
6
9
8
6
3
179
175
170
168
165
162
162
162
162
160
160
159
152
147
138
135
129
125
125
120
113
116
125
141
164
174
177
179
178
178
176
172
171
161
157
147
144
144
150
156
162
164
167
170
174
175
177
0
1
2
4
4
6
8
8
8
5
2
177
174
168
165
163
163
164
164
164
164
164
162
159
157
150
147
135
128
129
120
113
112
120
141
169
177
0
1
0
0
178
176
173
169
166
155
147
144
146
152
157
162
167
170
172
174
177
179
1
2
3
4
6
8
8
6
4
0
177
174
170
165
163
162
162
162
162
162
162
160
159
157
152
155
147
147
147
138
113
111
124
145
170
177
0
0
179
179
179
176
172
170
167
164
156
148
148
148
152
157
164
167
170
172
175
178
0
1
1
2
4
6
5
4
2
179
177
175
174
170
162
152
152
148
145
145
148
146
148
152
157
161
166
169
169
164
132
125
132
163
174
177
179
178
177
177
174
174
170
168
168
165
159
154
150
148
146
142
142
146
164
169
175
177
179
178
178
179
2
4
4
4
4
4
4
6
5
4
2
1
178
177
174
172
164
152
148
146
143
143
141
141
146
150
157
161
169
174
173
169
163
150
164
170
174
176
177
178
177
175
174
171
170
168
166
165
163
161
159
157
150
142
141
145
163
174
176
177
179
178
178
179
1
3
4
3
4
4
4
6
8
6
5
3
1
0
179
178
175
170
162
160
159
156
148
146
146
146
146
152
159
161
166
166
166
162
162
167
170
173
174
176
175
175
175
174
172
170
168
165
165
168
168
167
167
166
166
164
170
174
177
177
179
179
179
178
179
1
2
2
3
4
4
5
6
6
7
6
5
3
3
1
179
178
175
170
170
167
162
159
152
152
146
146
148
152
157
159
161
162
164
167
170
172
174
174
175
175
175
175
175
174
173
170
167
170
174
175
175
174
175
172
173
173
176
177
177
0
179
0
179
179
0
0
2
3
4
4
5
7
7
8
7
5
4
4
4
4
1
2
178
177
175
170
167
162
159
152
148
146
146
146
152
152
160
168
170
170
172
174
174
175
175
175
176
175
176
173
171
169
173
0
1
1
179
178
178
175
175
175
177
178
179
0
1
0
179
177
177
179
1
4
5
6
7
9
9
7
6
7
6
6
5
4
4
2
2
0
177
172
167
162
156
148
143
143
143
143
143
157
168
172
172
172
174
174
175
175
175
176
175
176
173
174
169
177
2
3
2
2
0
178
177
177
174
174
177
177
178
0
0
178
175
174
177
0
4
5
7
7
9
10
8
7
7
7
7
7
7
5
5
4
2
0
177
172
167
160
148
143
143
139
139
139
153
168
172
171
174
174
174
175
175
175
176
174
175
176
176
173
177
4
5
4
2
0
178
176
174
173
174
174
174
175
176
177
174
170
170
174
178
3
5
7
8
9
9
9
9
9
7
8
8
8
8
7
5
5
4
2
178
174
170
162
156
148
143
142
140
140
153
168
174
174
174
174
174
175
175
175
175
174
175
175
175
175
176
4
5
3
1
178
174
173
172
170
170
168
170
170
171
169
166
160
162
170
175
2
5
7
8
9
9
10
9
9
9
9
8
8
7
7
5
5
3
2
176
173
164
162
153
148
147
144
144
153
170
176
176
176
174
174
174
174
174
174
174
174
174
174
174
177
3
4
1
178
175
172
170
168
165
165
161
162
159
155
146
142
146
152
164
172
179
4
6
7
8
8
9
9
10
9
10
10
9
9
7
7
7
5
4
2
178
174
167
164
159
156
150
150
150
159
173
177
177
177
175
175
174
174
174
174
174
173
174
174
173
176
0
1
178
176
172
170
166
165
160
156
153
148
141
133
129
129
136
143
157
167
177
2
4
7
7
7
8
8
8
10
11
10
10
10
8
7
7
6
4
2
0
176
170
167
164
163
160
160
160
164
175
179
179
177
174
175
172
172
172
171
173
173
173
175
175
177
177
178
176
175
170
168
164
159
155
151
147
142
136
128
124
124
132
139
146
159
170
176
2
4
4
6
6
7
6
11
11
11
10
7
7
6
6
4
2
179
175
172
170
167
167
165
165
165
170
178
0
178
178
176
175
172
172
172
172
173
174
175
176
176
177
178
178
175
174
170
167
163
157
154
150
144
142
136
133
128
128
132
136
141
146
159
166
176
179
1
3
4
4
6
6
12
11
8
7
6
5
3
1
179
175
174
172
172
172
172
172
172
174
178
179
178
177
175
174
172
172
172
172
174
174
176
177
177
179
179
178
177
175
172
170
165
162
159
153
148
145
146
146
144
141
136
132
136
136
141
150
157
166
173
176
2
4
5
6
7
11
8
6
5
4
2
1
179
177
175
175
174
175
174
174
174
175
178
178
176
177
174
174
172
172
172
174
174
177
177
179
0
179
179
179
177
177
174
172
170
167
162
160
157
160
160
160
160
152
139
132
132
127
127
133
136
150
161
171
179
3
5
7
7
8
7
4
4
4
2
2
179
177
177
177
174
176
176
177
177
178
177
176
175
176
174
174
172
172
172
175
175
179
178
1
3
2
1
0
179
179
177
175
174
172
167
167
167
167
167
170
170
164
143
132
127
125
123
123
125
133
144
161
176
2
5
7
8
8
7
6
5
4
3
4
2
0
0
0
179
179
179
179
178
178
177
175
175
175
173
173
173
174
174
174
175
178
1
1
3
2
0
179
178
178
178
177
178
177
176
173
170
170
167
167
164
162
144
133
127
128
124
123
123
125
133
147
169
1
5
7
8
8
9
8
7
7
7
6
7
5
5
5
3
3
1
1
1
1
179
177
174
174
174
174
173
173
174
174
176
176
178
178
178
0
179
178
178
178
178
179
179
0
179
178
175
170
162
156
145
142
139
136
136
136
134
130
127
125
124
125
128
160
2
5
8
7
8
9
9
9
8
8
7
7
7
7
6
5
4
5
3
3
3
2
176
172
172
172
174
174
174
174
174
176
175
176
176
176
177
177
175
177
177
179
179
179
179
0
177
177
170
160
143
134
131
128
133
133
136
134
133
130
127
123
116
120
132
3
6
6
7
8
8
9
10
8
9
9
8
7
7
6
6
5
5
4
4
4
2
178
174
175
174
174
174
174
173
173
174
174
174
174
174
174
174
174
174
174
176
177
179
178
179
178
174
167
160
143
132
128
125
128
129
133
132
130
127
125
123
118
120
145
3
6
6
6
8
8
10
10
10
10
10
9
8
7
7
5
5
4
4
4
4
3
177
174
175
174
174
174
174
174
174
171
171
171
172
172
172
172
172
172
174
174
177
177
177
177
175
173
167
159
141
132
128
125
122
122
125
128
127
127
125
123
118
120
145
0
4
6
5
6
9
10
11
11
11
11
10
9
8
8
7
6
4
4
4
4
4
179
176
175
175
174
174
172
172
172
170
170
170
168
168
168
167
167
168
170
172
174
175
175
175
175
173
167
159
141
132
125
122
116
113
116
122
124
125
123
123
116
120
145
175
2
4
4
5
8
10
13
13
11
11
9
9
8
7
7
6
5
5
5
4
0
178
178
175
175
174
174
172
170
168
168
165
165
163
163
163
163
165
165
168
172
174
174
174
172
170
167
159
141
133
125
116
111
111
116
119
123
125
123
123
122
125
150
174
1
4
4
4
8
13
11
11
11
11
9
8
7
7
5
6
5
4
2
179
179
177
177
175
174
172
170
168
165
164
163
159
159
159
159
159
163
165
170
172
174
174
172
170
167
159
144
133
125
116
109
109
112
116
123
123
124
125
124
128
150
174
1
2
2
4
8
12
11
11
9
8
7
7
7
6
5
5
3
2
0
0
178
177
174
174
170
168
165
163
163
159
156
153
156
159
163
165
170
172
174
174
175
173
167
161
144
133
124
115
109
109
112
116
123
124
124
125
128
138
163
178
1
2
2
4
8
10
11
11
10
9
9
8
7
6
6
7
5
4
2
2
1
179
176
174
174
172
168
165
163
162
159
159
159
162
164
167
172
174
175
175
175
175
170
166
150
135
125
113
109
106
112
118
125
128
128
128
133
146
164
177
1
3
2
3
7
8
10
10
9
9
8
7
7
7
5
6
4
3
1
179
179
178
176
174
172
170
167
165
164
164
164
167
170
172
175
177
178
178
177
175
175
171
158
138
125
116
107
109
115
122
127
132
136
136
142
156
170
179
3
3
3
4
6
8
10
10
9
9
8
8
8
7
6
4
4
4
2
1
179
179
176
174
174
174
172
172
172
173
174
176
177
178
179
179
179
179
179
176
173
164
150
130
120
110
110
122
128
136
141
146
150
153
169
0
4
4
4
4
4
6
10
9
9
9
9
8
7
5
5
4
4
2
1
0
179
179
177
178
177
177
178
178
0
1
1
1
2
1
2
1
1
179
176
174
163
133
120
116
116
128
136
143
148
156
161
164
174
5
6
5
5
4
4
11
10
10
9
8
8
7
7
5
5
4
4
3
2
2
1
1
0
1
2
4
4
3
4
3
4
4
2
2
3
1
179
177
169
145
125
120
125
136
146
152
157
164
167
174
0
5
6
6
6
5
11
11
10
9
8
8
6
6
5
5
5
4
4
3
3
2
3
2
4
6
7
5
5
5
5
5
3
4
3
2
1
179
177
156
125
128
135
146
156
159
162
167
173
177
5
7
8
8
8
12
12
11
10
8
8
7
7
6
6
5
4
5
4
5
4
4
4
5
7
7
7
7
6
6
5
5
4
3
3
2
1
0
170
132
138
142
152
157
162
164
170
176
179
7
8
10
9
12
12
10
9
9
9
7
7
6
6
5
5
5
5
5
6
5
7
7
8
7
7
7
7
6
6
5
5
4
3
1
177
174
164
159
159
162
164
167
172
175
179
1
6
8
9
9
11
11
11
11
10
9
9
8
7
7
7
7
7
7
7
7
7
6
7
7
8
8
8
8
9
8
7
5
3
179
177
174
172
167
167
170
172
175
179
2
4
4
6
6
7
12
13
12
8
8
7
7
7
7
8
8
6
6
7
8
8
9
9
10
9
9
7
4
1
178
176
173
171
174
175
178
0
1
4
6
6
7
8
7
7
7
7
7
8
8
9
8
6
7
8
9
9
9
10
11
9
9
7
5
2
179
177
176
176
178
179
1
4
4
6
7
7
8
9
8
8
7
7
7
8
8
9
8
8
7
8
9
9
10
10
10
10
9
8
6
3
1
179
178
1
2
3
3
5
6
7
8
9
9
8
8
7
7
8
8
9
9
9
9
8
8
9
9
10
10
11
11
10
10
9
7
5
3
2
2
3
5
6
7
6
7
9
9
9
10
7
7
8
8
9
9
9
9
8
8
9
10
10
10
12
12
11
10
9
9
7
5
4
4
6
7
7
6
7
8
9
9
10
10
9
9
10
12
12
12
11
9
8
7
6
7
7
8
8
7
8
8
9
9
9
13
13
9
7
7
8
8
8
8
8
9
9
9
9
8
7
8
8
9
