9
10
10
9
9
9
9
9
10
10
10
11
10
9
9
9
9
9
9
9
10
10
10
11
12
9
9
9
9
9
9
9
9
9
9
10
11
12
11
9
10
9
9
9
9
8
9
8
9
9
9
10
11
11
12
9
8
9
9
8
8
8
7
7
7
7
6
7
8
10
10
10
9
8
8
8
8
9
9
8
8
6
7
5
5
4
5
7
10
8
9
9
10
9
8
8
8
8
8
8
8
8
7
7
6
5
4
4
5
7
10
8
9
9
9
8
9
8
8
9
8
8
8
8
8
6
6
4
5
3
5
8
8
8
8
8
8
9
10
10
9
9
9
9
9
9
8
8
7
7
5
5
3
3
2
4
6
8
8
8
8
8
8
9
10
10
8
9
9
9
9
9
8
9
9
7
7
6
5
3
2
2
4
6
8
8
8
8
8
8
9
10
10
12
9
9
10
10
10
9
9
8
8
6
6
4
4
2
0
1
3
6
7
6
6
6
6
8
8
9
9
11
11
8
8
9
10
10
9
9
9
8
8
6
6
4
4
1
1
179
2
4
6
5
5
4
6
6
8
8
9
10
11
12
8
9
10
11
10
10
9
9
8
8
5
5
4
4
1
0
176
1
5
7
6
6
4
4
5
6
6
8
8
9
10
12
8
8
9
10
10
11
10
9
9
8
8
5
4
4
2
0
0
177
1
3
5
3
3
1
1
2
4
4
6
7
8
9
10
12
8
8
9
10
10
11
10
9
8
6
7
5
4
6
4
1
1
1
1
5
2
0
0
0
0
179
0
1
4
6
8
8
9
10
8
7
8
9
10
11
10
11
9
10
7
6
6
5
5
5
1
1
1
1
2
5
0
0
174
174
174
177
176
1
4
6
7
8
9
8
8
8
8
9
10
11
10
10
9
9
6
5
5
3
3
1
4
4
2
5
2
3
177
175
170
170
170
171
172
177
2
4
6
7
8
8
8
7
7
8
9
10
10
10
9
8
5
8
3
3
3
3
4
6
4
5
2
3
177
169
164
158
159
166
170
175
178
2
4
7
7
8
7
8
8
8
9
11
10
10
8
9
8
5
0
0
3
3
4
6
6
6
5
6
177
170
156
155
155
157
167
172
177
179
3
6
5
8
7
7
7
7
8
9
11
10
10
9
10
5
8
5
5
5
3
5
5
7
5
3
170
173
156
150
146
153
158
166
174
176
2
3
6
5
8
8
6
5
3
3
5
8
10
10
10
10
11
8
8
9
8
5
5
2
5
5
177
156
132
126
126
126
126
140
173
177
0
6
6
6
6
6
6
10
8
6
4
2
0
4
8
11
10
10
9
10
8
8
7
8
5
2
0
3
177
170
125
120
109
109
103
96
110
30
11
8
10
9
8
7
6
11
12
11
11
11
11
8
8
5
4
3
5
8
10
9
10
9
10
8
8
7
8
5
2
0
3
177
170
114
103
98
98
96
87
90
50
24
14
11
9
9
9
8
11
12
11
11
12
11
9
8
6
6
4
5
8
9
9
9
9
8
6
7
5
5
0
2
0
0
177
170
103
95
95
95
93
87
87
70
36
21
14
11
11
10
10
10
11
12
12
11
10
9
8
8
6
6
8
8
9
7
9
8
6
7
5
5
0
0
175
175
169
173
101
90
90
90
90
85
87
73
42
30
18
15
13
12
9
10
11
12
11
12
12
11
11
11
10
8
8
8
7
6
7
5
6
6
5
3
0
0
0
175
175
169
173
90
90
90
90
90
85
79
70
42
30
18
15
13
12
5
7
9
10
11
12
12
12
12
12
12
10
10
10
9
7
5
6
4
4
4
1
0
178
0
174
170
170
169
170
96
87
93
93
87
87
80
66
36
16
11
12
11
11
1
2
4
5
9
10
12
13
13
13
13
13
12
12
12
10
8
6
6
4
4
1
1
0
178
0
174
175
170
169
169
170
110
90
101
101
96
96
75
20
11
11
8
8
10
9
9
0
1
2
4
6
8
11
13
13
13
14
14
14
13
13
13
11
7
5
5
3
3
0
0
0
0
175
170
169
164
163
163
160
165
0
120
120
140
156
170
177
0
5
4
5
6
8
8
8
178
0
4
2
4
6
8
11
13
13
15
17
15
15
13
13
13
10
8
0
0
0
2
0
0
175
177
169
169
170
163
160
160
160
173
173
156
156
160
163
169
174
177
1
1
4
4
5
6
7
8
2
5
3
5
4
6
6
7
9
12
12
15
15
17
15
15
15
15
14
11
5
0
3
3
3
177
177
170
170
160
160
160
150
145
145
156
173
0
170
170
169
170
170
174
177
176
178
2
3
5
6
7
9
2
5
5
7
6
6
7
7
9
10
14
13
16
21
21
21
21
16
14
14
8
177
177
170
0
170
170
173
156
156
156
140
140
132
132
132
140
173
0
170
170
169
170
169
174
176
176
178
2
3
4
5
7
9
11
5
5
8
7
8
8
8
8
8
9
10
11
16
16
21
25
35
36
36
24
20
6
6
165
165
140
165
140
140
140
132
126
126
126
126
126
126
125
126
0
20
6
0
170
169
174
174
177
177
0
4
4
5
6
8
10
11
8
11
9
9
9
10
9
10
9
10
10
14
13
16
25
36
42
66
83
83
110
110
120
120
120
110
120
110
120
110
126
114
114
103
114
103
114
103
115
114
75
50
20
20
170
170
177
174
178
0
1
6
6
7
9
10
10
12
5
8
10
10
11
11
11
10
12
10
11
15
16
21
36
66
80
80
90
90
103
103
114
114
114
103
114
103
114
103
114
103
109
103
109
103
109
103
109
101
70
60
50
50
20
6
0
177
0
2
3
9
8
11
12
11
12
11
8
9
10
10
11
12
13
13
12
10
11
11
13
19
36
50
80
87
87
96
96
98
98
103
103
103
103
103
103
103
103
103
103
98
98
98
95
95
95
95
93
80
70
66
75
0
165
173
170
177
0
2
8
10
10
11
13
11
11
5
6
6
8
9
11
13
16
19
16
6
140
120
120
110
110
103
101
96
93
93
90
90
90
90
95
103
105
103
103
101
101
101
95
95
95
92
90
93
93
91
90
90
75
75
120
120
140
145
150
163
169
175
2
8
10
10
11
10
6
5
7
9
9
10
15
22
26
35
110
109
111
109
109
103
103
98
93
93
90
90
90
90
90
95
101
104
104
101
101
101
98
95
92
90
90
89
91
90
90
90
87
110
110
110
126
132
133
141
150
164
175
0
5
9
10
9
9
8
6
6
8
8
8
12
15
23
30
43
96
101
103
101
101
96
96
96
93
93
87
87
87
85
85
90
101
103
103
101
101
98
98
95
95
95
93
91
94
92
92
91
93
101
103
103
115
115
133
141
150
169
0
2
5
7
8
9
9
11
10
7
8
8
8
12
14
21
30
43
55
90
96
96
96
96
96
96
96
93
93
87
87
87
87
87
93
98
104
104
101
101
98
98
95
95
93
91
94
92
92
94
94
92
93
95
98
103
109
125
145
160
177
0
5
7
8
9
10
10
16
9
10
7
7
7
9
9
14
25
43
55
73
87
87
87
87
87
87
87
87
87
87
87
87
87
87
87
87
101
101
101
98
95
95
98
95
98
95
95
96
94
94
95
94
91
90
95
98
101
103
115
132
170
3
2
5
8
8
11
11
10
16
14
11
10
9
9
8
9
11
19
36
70
73
79
80
80
85
80
85
87
87
87
87
87
87
87
87
87
87
90
96
96
96
101
98
95
95
98
95
97
96
96
95
95
95
95
92
94
95
95
98
98
114
140
0
5
5
9
9
10
11
11
11
15
14
11
10
10
8
9
8
5
19
36
66
80
79
80
80
76
80
76
80
80
80
80
79
79
87
87
90
90
90
96
75
75
83
90
96
95
95
98
97
98
98
98
97
97
97
95
94
94
94
95
95
98
110
165
6
8
8
8
10
10
10
11
14
12
12
12
10
11
9
8
5
11
36
66
80
79
84
79
79
76
76
76
76
76
80
80
79
79
87
87
90
90
96
96
50
50
75
90
96
98
99
99
98
98
98
98
97
97
97
95
94
94
94
95
95
98
110
6
8
5
9
9
10
10
11
12
11
11
12
10
9
11
8
11
20
50
80
79
85
84
79
79
77
76
76
76
76
80
80
87
87
96
96
101
101
101
96
50
42
50
90
93
95
98
97
98
98
98
98
96
96
96
96
94
94
94
95
92
96
0
11
11
9
10
9
10
11
12
10
12
11
12
11
11
8
13
20
50
80
80
87
85
84
79
76
77
76
76
76
79
80
84
85
93
93
98
98
98
103
101
50
42
83
87
95
95
99
98
99
98
98
98
98
96
97
96
94
94
95
95
93
96
20
6
8
10
10
11
11
13
10
11
10
12
11
11
13
24
50
80
87
87
80
80
80
79
76
76
79
79
80
84
84
90
90
95
95
101
101
101
104
98
66
42
80
87
95
98
98
99
98
100
99
98
97
95
98
95
97
99
99
95
90
0
11
5
9
9
8
11
12
12
8
8
10
10
8
13
24
50
80
80
87
79
80
80
80
76
80
79
80
80
84
90
90
92
95
98
98
101
104
104
104
101
80
66
87
90
95
95
98
99
100
100
99
98
95
95
92
98
99
101
104
103
120
0
5
5
9
8
8
11
11
13
7
8
9
9
11
19
30
83
80
87
79
80
80
74
74
74
80
84
85
85
90
90
92
95
95
99
101
101
102
102
102
101
87
80
87
92
98
97
99
100
100
100
99
99
95
95
93
96
104
106
115
140
170
3
5
5
7
8
8
10
12
5
7
7
5
8
8
24
75
80
87
87
80
80
74
69
68
74
79
85
85
85
90
95
95
99
99
100
102
102
103
101
103
101
93
87
90
92
95
98
100
100
100
99
98
99
95
93
80
83
115
125
145
160
175
2
3
7
8
8
5
5
9
8
8
11
30
83
87
87
85
80
80
74
68
66
66
87
93
93
93
95
95
95
99
100
102
102
101
103
102
103
102
95
87
92
95
97
98
100
100
100
99
98
98
95
87
66
50
132
145
163
170
0
3
4
6
6
8
0
5
5
5
5
11
30
83
87
87
85
85
85
85
80
79
79
87
93
95
95
95
99
101
100
100
100
100
98
101
101
103
102
98
95
98
99
97
98
99
99
98
99
98
92
87
80
66
50
140
160
170
175
0
1
4
4
6
8
0
5
8
5
5
11
20
75
90
96
95
95
95
99
99
99
95
90
90
95
100
102
101
101
98
97
94
94
94
96
100
102
102
101
101
101
100
102
100
99
95
95
90
87
79
80
73
73
70
75
165
0
3
5
5
6
4
4
0
5
9
8
11
11
24
75
90
96
95
99
98
102
102
103
100
90
87
95
100
103
103
103
99
96
92
92
91
97
100
102
103
102
102
103
102
102
99
95
93
87
80
73
73
73
73
74
73
83
30
13
8
5
5
6
4
4
174
0
5
9
8
14
13
36
83
87
93
95
99
98
102
100
101
99
90
87
95
98
103
103
103
101
98
94
94
94
99
100
102
103
102
102
102
103
101
100
98
93
87
80
73
73
73
73
73
70
66
30
13
8
5
5
6
4
4
174
0
5
11
11
14
19
36
66
87
93
92
95
95
99
100
101
99
90
87
95
98
103
103
103
100
96
94
95
97
99
101
104
104
102
102
102
101
101
99
99
95
87
80
73
73
73
73
73
70
50
36
13
8
5
3
4
4
4
174
0
8
11
14
16
25
42
70
87
90
92
95
95
99
97
98
97
89
87
96
98
103
102
102
100
97
95
97
97
100
102
105
105
103
102
102
100
101
98
100
95
93
80
73
70
60
60
60
60
42
24
13
8
5
3
5
4
174
0
8
13
14
21
25
42
70
79
85
88
93
93
97
97
98
97
87
86
94
98
102
103
102
101
99
97
96
97
101
103
106
105
103
102
101
100
100
99
99
95
90
87
80
70
60
60
60
55
36
24
13
8
5
5
5
4
174
0
11
15
16
21
35
55
73
80
84
88
93
91
97
97
98
96
90
89
95
99
102
103
103
102
99
97
97
99
102
104
106
105
103
101
101
101
100
100
98
98
95
87
80
70
55
55
55
55
35
25
13
5
8
5
1
174
0
11
15
16
23
34
51
66
74
84
88
90
91
95
97
98
96
92
91
95
100
102
103
103
102
99
97
97
99
101
103
107
105
103
101
101
100
100
100
98
98
95
87
80
70
55
55
55
42
25
19
13
5
8
5
3
0
11
17
18
21
30
43
60
74
85
88
90
93
95
95
97
96
94
94
97
101
103
105
103
102
100
99
97
99
101
103
107
105
102
101
100
100
99
98
99
95
90
87
80
66
42
42
42
42
25
21
16
11
5
0
0
2
9
15
15
22
30
40
60
74
80
84
88
90
93
95
99
97
94
95
100
101
103
105
103
102
101
98
98
98
101
103
107
105
102
100
100
99
99
98
95
95
93
80
70
66
42
42
42
36
30
16
14
11
5
2
2
9
12
15
18
21
34
55
73
79
84
90
90
95
93
98
97
96
97
102
103
105
105
104
103
101
98
96
96
99
101
105
104
100
100
99
97
98
97
95
95
87
80
66
66
50
50
50
36
21
21
14
11
5
2
2
10
12
14
18
21
34
43
60
74
85
90
92
95
95
99
99
99
100
103
104
106
107
106
103
99
97
95
93
99
100
103
103
99
96
97
96
97
95
95
93
80
80
66
66
50
50
50
36
21
16
11
11
5
0
9
11
12
15
16
30
35
55
73
87
93
95
98
95
101
100
101
103
106
107
107
108
106
105
98
95
90
88
95
98
102
100
96
95
96
95
93
90
87
80
80
66
50
50
75
75
83
36
21
16
11
11
174
0
9
11
12
15
13
23
25
42
70
80
96
93
101
98
101
101
103
103
106
107
109
108
106
105
99
90
84
84
90
92
98
98
95
94
91
90
90
85
80
70
66
66
50
50
75
75
83
30
16
18
13
11
174
0
7
11
10
12
11
21
19
36
66
80
96
93
101
101
103
102
105
105
108
108
110
110
107
104
98
90
80
74
80
85
93
95
90
90
88
84
79
73
70
55
55
42
50
50
75
75
96
30
16
15
13
11
0
7
8
8
10
11
13
14
19
24
30
75
96
103
103
111
108
107
106
108
110
110
110
107
106
99
90
79
74
73
73
87
87
87
87
87
79
80
73
70
60
55
55
42
50
30
30
30
20
8
11
5
3
5
7
7
9
10
10
11
14
13
14
8
11
170
173
160
124
110
107
108
109
109
109
107
106
105
101
96
80
83
66
66
66
75
75
75
83
80
80
80
73
70
60
55
43
25
19
13
8
175
170
170
5
5
7
7
8
8
10
10
12
10
11
9
8
0
177
175
141
112
109
110
109
109
110
106
107
106
104
103
96
83
50
50
50
165
165
0
75
83
80
80
73
73
60
51
35
21
16
13
5
170
159
159
5
6
6
6
8
8
11
11
13
12
10
8
5
2
0
0
150
115
111
111
110
110
111
107
108
106
106
109
96
83
83
83
75
165
165
0
75
66
70
70
70
70
55
35
25
16
14
13
5
170
159
159
5
6
8
6
9
9
11
11
11
11
10
9
8
5
0
0
169
122
112
112
112
111
110
112
111
106
109
109
103
96
83
96
75
0
0
75
50
66
66
66
55
42
36
25
19
14
11
11
5
170
158
4
4
6
5
8
8
11
11
11
11
11
11
8
7
5
3
174
130
120
120
120
120
120
113
111
111
109
109
103
103
96
103
96
75
50
50
50
50
42
42
36
24
19
13
8
11
8
5
2
170
6
7
7
9
9
11
10
11
11
10
10
9
8
6
4
0
163
138
138
130
130
130
125
125
125
115
115
109
103
103
103
96
75
50
50
42
36
36
24
25
13
13
5
5
8
5
5
0
5
6
6
7
9
11
10
11
11
10
10
10
8
6
6
5
174
164
164
163
163
160
145
145
132
132
126
114
115
115
115
114
75
50
36
36
24
19
13
16
11
11
5
5
2
0
0
174
6
7
9
9
10
11
11
10
10
9
10
7
7
6
4
0
178
174
174
175
177
169
163
160
145
132
132
125
125
125
114
75
36
36
25
19
14
11
11
9
8
5
5
0
0
177
6
6
8
8
9
10
10
10
10
9
9
8
7
6
5
4
1
1
3
0
2
0
175
169
163
160
160
145
132
133
126
30
36
24
19
14
11
9
10
9
5
1
3
0
177
6
5
6
8
9
9
10
10
10
9
9
8
8
6
6
5
4
4
4
5
3
0
0
174
170
169
163
160
150
145
156
20
24
19
14
11
10
7
8
4
4
4
1
177
174
4
6
9
10
9
9
10
10
8
8
8
8
6
6
6
5
5
4
4
4
1
0
0
178
174
170
169
164
164
163
0
11
8
8
9
8
6
7
4
5
2
1
177
4
7
9
8
9
9
10
8
8
8
8
6
6
5
6
4
5
4
4
2
1
1
0
178
174
174
174
170
170
177
5
8
8
6
7
6
5
5
4
4
1
7
9
9
10
9
9
8
8
6
6
6
6
6
6
5
6
4
4
4
2
2
1
179
177
177
177
174
174
0
5
5
7
5
5
6
5
5
4
3
1
5
7
7
9
8
9
8
8
6
6
6
6
6
6
5
5
4
4
3
4
1
2
0
177
177
177
177
177
178
2
1
4
4
6
4
6
4
4
3
8
9
10
9
9
8
8
6
6
4
4
6
6
5
5
5
6
4
4
3
1
1
0
0
0
0
177
0
0
1
4
4
5
4
5
4
4
3
4
5
7
6
6
6
6
6
6
6
6
5
6
5
6
4
5
4
4
3
3
1
1
179
179
179
0
1
4
4
4
4
6
6
6
5
5
4
1
0
179
178
1
2
4
4
5
6
7
6
6
5
5
4
4
3
4
3
3
1
2
2
2
2
2
4
4
5
6
7
8
8
8
8
6
6
176
176
178
0
3
4
5
6
7
5
6
5
5
4
5
4
4
2
3
1
2
2
2
4
4
4
6
5
7
8
8
8
8
8
8
178
0
4
4
6
6
7
6
5
4
5
4
5
4
5
4
4
4
4
2
2
2
4
4
6
5
7
8
8
8
8
8
8
0
4
4
6
6
6
5
5
5
5
4
4
4
4
4
4
3
4
4
2
2
4
4
6
6
8
7
8
8
8
8
8
4
5
6
6
6
4
4
4
4
4
4
5
6
5
6
4
5
5
4
4
5
5
6
6
8
7
8
8
8
8
8
4
6
5
6
4
5
5
4
4
4
5
5
6
5
5
6
6
5
5
5
6
8
6
8
8
8
8
8
8
5
4
6
4
4
4
4
5
5
6
6
6
6
6
6
7
7
7
6
6
8
6
8
9
9
8
8
4
4
3
4
4
4
6
5
6
6
6
8
6
8
8
7
6
7
8
8
8
8
9
2
1
3
4
4
5
6
7
7
9
8
8
8
8
7
7
8
8
8
8
1
4
5
6
7
8
8
9
8
9
8
8
8
8
8
8
8
8
4
5
6
8
8
8
9
8
9
9
8
9
9
8
9
9
9
8
5
6
8
9
9
10
9
9
9
9
10
10
9
9
9
10
9
8
9
9
10
10
10
11
10
10
10
10
9
9
9
10
9
10
10
10
10
10
9
11
10
11
9
8
10
10
11
10
10
9
11
9
9
9
9
9
9
7
7
7
7
