5
5
5
4
4
4
4
4
4
6
4
4
4
3
4
4
4
4
4
2
0
0
0
0
0
1
1
3
3
4
4
5
6
7
5
4
4
4
2
1
0
176
177
176
176
0
179
1
3
4
4
4
6
8
6
4
4
4
2
1
0
1
177
177
177
177
1
0
2
4
4
4
5
6
6
6
4
5
1
1
179
179
179
177
177
177
179
179
1
1
2
4
4
6
5
6
7
5
5
3
0
0
0
178
0
174
174
174
174
178
177
179
1
4
4
5
6
6
6
6
4
5
3
5
2
5
0
175
175
177
169
169
170
170
170
175
174
178
0
1
4
4
5
6
6
6
1
1
3
0
0
0
177
177
170
170
160
156
156
156
160
160
163
170
175
0
0
3
5
6
5
6
6
6
8
177
177
177
178
0
177
170
156
140
132
126
125
125
125
125
133
132
145
160
170
177
0
0
3
5
4
5
6
6
8
1
176
173
174
174
169
170
140
126
115
109
111
106
111
111
113
113
120
115
125
132
156
170
177
0
5
5
6
5
6
7
8
179
173
166
164
163
150
126
109
103
104
103
105
105
107
107
110
108
111
106
111
115
126
156
170
3
2
8
6
6
7
6
6
7
1
176
169
158
146
133
124
106
103
99
100
100
102
102
103
105
109
106
105
103
106
106
109
126
173
177
0
5
5
8
7
6
6
7
1
176
158
138
124
113
106
104
100
98
98
99
101
101
103
105
107
104
105
101
104
103
106
103
140
0
3
5
5
8
6
7
6
7
179
173
146
120
111
105
101
100
98
97
97
97
100
100
102
103
105
105
103
100
100
101
104
103
126
173
177
5
5
8
6
7
6
7
176
174
130
108
105
102
98
98
96
96
98
98
99
100
102
103
104
105
102
101
100
101
103
103
114
165
177
5
5
6
6
7
6
8
176
174
120
105
102
101
98
97
96
96
96
97
99
100
102
103
106
104
103
101
100
100
101
104
109
120
0
5
5
7
6
7
6
177
170
113
105
103
101
100
97
98
96
98
98
98
99
100
102
103
103
103
101
101
100
101
103
103
120
173
3
5
5
8
8
6
175
170
150
112
106
109
104
105
103
102
101
100
100
99
97
99
98
98
100
101
101
103
102
102
104
104
114
140
177
5
5
9
8
170
163
133
113
106
109
106
105
103
103
102
101
101
100
99
98
96
96
96
101
101
103
102
103
101
106
109
140
0
3
5
8
9
170
163
133
110
105
106
104
105
105
104
103
102
101
100
99
98
96
98
98
100
101
103
101
102
101
104
103
140
0
3
5
8
9
177
163
133
105
103
104
105
105
103
103
102
102
102
101
100
100
98
99
99
101
101
102
101
101
101
104
103
140
0
3
5
5
7
177
170
132
105
101
103
103
103
102
103
102
102
101
101
100
101
101
102
101
102
101
101
100
101
101
103
110
173
6
5
5
5
7
3
177
132
104
101
102
103
102
101
102
102
101
101
102
102
103
103
103
102
101
100
100
100
101
101
103
120
173
6
5
8
5
3
177
140
101
101
102
103
102
101
102
101
103
102
103
102
103
103
105
103
100
100
100
99
101
98
114
165
0
3
5
8
5
7
5
3
165
101
98
101
101
101
101
101
102
103
102
103
102
105
103
105
103
102
99
99
98
98
101
110
165
11
5
5
8
9
7
8
5
20
101
99
100
101
101
101
102
102
103
103
103
102
105
103
105
103
101
98
98
95
101
96
0
6
6
5
5
8
9
8
11
8
6
96
99
101
102
101
102
103
103
102
102
102
103
103
102
103
102
101
95
95
96
96
75
20
13
8
8
9
9
11
8
11
96
95
101
101
101
102
101
102
103
103
103
101
102
102
103
102
98
96
96
90
110
0
20
11
5
8
11
11
8
0
96
103
98
103
101
102
101
101
99
101
99
102
101
101
100
95
90
90
83
0
20
13
13
11
9
11
11
0
165
120
110
103
101
104
102
100
98
101
98
101
98
98
98
96
83
83
75
30
24
13
8
11
3
0
6
165
114
103
103
104
100
100
98
98
98
97
97
95
87
83
75
30
24
13
13
14
11
5
3
6
6
120
103
104
103
101
99
97
97
97
97
96
95
87
50
30
30
24
13
13
8
9
8
5
11
165
120
103
98
101
98
95
95
95
95
90
75
24
13
13
11
6
11
10
10
11
8
5
6
6
165
0
110
110
103
103
75
11
11
5
5
0
11
10
12
11
9
8
5
6
0
6
165
165
6
11
9
5
5
11
10
12
11
9
8
5
8
11
11
6
6
11
8
9
5
5
12
11
11
11
8
11
11
8
8
8
11
11
9
5
11
11
11
11
11
11
