9
9
10
8
9
9
9
9
9
9
11
9
9
9
11
9
9
9
10
10
10
10
10
10
10
10
10
9
9
11
10
10
10
10
10
9
9
10
10
11
10
11
9
10
9
11
10
10
10
10
10
10
9
10
10
9
10
10
10
9
9
10
11
10
11
10
10
7
9
7
10
9
9
10
10
10
11
10
10
11
10
10
9
8
9
8
8
8
9
9
10
11
11
11
7
5
7
7
8
11
9
11
11
11
10
10
10
9
9
9
8
8
8
8
7
6
6
5
5
8
9
11
11
8
0
0
0
0
5
8
11
11
12
11
11
10
9
9
8
9
9
8
9
8
7
6
4
4
4
2
4
1
3
2
5
6
6
170
163
163
170
0
11
13
16
14
13
11
10
8
8
7
6
9
8
8
6
6
5
4
2
1
2
178
179
176
178
175
177
6
173
150
150
145
145
140
165
30
24
13
13
11
11
5
7
4
5
8
10
8
6
4
4
2
1
0
178
179
177
176
176
174
175
177
0
173
150
150
150
145
140
0
0
30
24
19
13
11
8
5
4
5
8
8
8
8
9
9
4
2
2
2
179
179
177
178
177
175
177
176
178
0
6
177
169
164
169
170
6
24
36
35
25
21
14
11
8
5
6
5
8
8
8
8
8
9
10
9
5
3
1
1
179
179
178
179
177
178
177
179
1
5
5
5
178
178
0
3
8
19
30
30
21
21
13
11
9
7
4
7
8
8
8
7
7
8
9
9
6
3
1
1
0
179
178
179
178
179
0
2
1
4
5
8
1
1
3
9
11
16
21
26
22
18
14
12
8
6
4
7
9
10
10
6
7
8
5
4
3
3
1
1
0
0
179
0
2
3
3
4
7
5
5
5
8
9
14
14
15
15
15
12
12
10
8
5
4
6
8
10
10
2
5
5
6
5
4
4
3
3
1
1
0
1
2
3
2
4
5
8
5
8
8
11
11
14
11
12
10
8
8
6
6
4
4
6
8
9
9
1
1
6
6
6
6
5
4
4
2
2
1
2
2
4
2
4
5
5
13
13
13
14
8
11
9
8
6
5
5
4
3
3
1
4
7
8
8
6
6
5
5
5
4
4
3
2
2
1
2
2
3
1
4
5
5
8
13
13
14
8
10
7
8
7
6
4
4
2
2
0
2
6
7
6
5
6
6
5
5
4
4
4
3
2
2
1
2
2
3
2
4
5
5
8
11
8
11
9
9
8
5
6
5
2
2
1
1
179
1
4
5
4
6
6
8
6
4
4
4
4
4
2
2
2
2
3
4
2
4
5
5
5
11
5
8
8
7
6
6
4
4
2
1
179
4
5
6
8
8
5
5
5
4
4
3
4
3
4
4
6
5
5
5
5
5
8
8
9
5
8
4
5
3
2
1
1
6
8
9
9
6
7
7
7
7
5
6
6
7
9
10
9
11
11
11
5
5
8
8
5
6
4
4
4
3
1
8
9
9
9
11
8
10
10
11
14
15
16
21
21
21
11
8
5
8
6
5
5
4
4
10
10
11
11
11
11
13
15
15
17
18
22
26
30
30
35
35
23
14
8
5
5
6
5
4
11
11
11
11
13
16
19
20
23
26
30
35
39
38
38
38
30
14
8
8
9
8
7
10
11
11
11
13
16
19
23
26
30
35
39
43
45
45
45
35
14
8
8
9
8
8
9
11
13
16
20
23
26
30
35
39
38
38
38
30
14
11
8
9
6
8
9
11
12
17
18
22
26
26
23
23
23
21
13
11
8
4
6
9
8
12
14
15
15
18
13
13
13
6
5
8
9
10
10
11
8
8
