7
6
9
9
7
5
9
8
10
9
5
8
5
5
8
9
8
9
9
6
6
6
6
0
6
5
8
9
10
30
120
120
120
0
165
11
8
36
50
83
90
103
103
103
103
114
0
6
11
5
5
36
50
90
96
95
101
101
101
101
104
103
120
6
11
5
179
36
66
90
93
98
99
102
100
100
100
104
104
103
120
20
6
2
6
50
80
93
95
100
100
101
101
101
101
102
101
104
103
0
6
0
0
165
80
87
95
95
100
99
101
101
101
103
101
101
103
103
110
165
6
140
110
87
85
95
95
99
101
101
101
101
101
101
102
99
98
98
96
6
6
126
111
103
87
85
85
92
95
100
102
100
101
101
100
100
99
95
93
92
103
140
173
170
177
0
126
111
111
101
90
84
85
90
98
99
101
100
102
100
100
98
98
96
94
95
104
115
126
140
170
6
114
111
111
101
90
88
90
90
95
98
100
102
103
101
101
98
98
96
94
95
104
115
126
140
170
6
0
165
114
103
106
101
92
90
90
93
98
99
100
101
101
101
101
99
99
98
96
97
103
111
115
120
173
177
3
120
103
103
106
101
95
93
95
97
100
101
101
101
101
101
101
98
98
96
96
97
101
106
115
126
156
0
3
5
120
103
98
104
101
98
95
97
98
101
101
101
101
101
101
101
100
100
98
98
98
104
106
111
126
140
0
3
5
110
103
98
104
101
99
98
98
99
101
101
101
101
101
101
101
100
100
98
99
100
104
106
111
114
140
0
5
5
120
114
103
98
101
101
100
101
99
101
101
100
101
100
101
101
101
100
101
101
99
100
105
106
109
114
140
0
5
9
114
103
103
98
95
101
100
102
101
103
101
101
101
100
100
101
101
100
101
101
101
102
103
106
109
120
165
11
11
9
103
101
98
98
95
98
102
102
103
101
102
100
101
100
100
100
101
101
101
101
101
101
104
109
114
120
6
11
11
103
98
96
96
96
98
102
102
103
101
102
100
101
100
100
100
101
103
101
102
102
103
103
110
0
20
11
8
106
104
98
96
96
96
101
102
103
103
103
102
101
101
99
100
100
101
101
102
101
104
104
110
0
20
13
8
115
111
106
106
101
101
95
96
96
90
98
105
104
103
102
101
100
100
100
101
100
101
101
102
104
106
103
0
13
13
14
109
106
106
103
101
101
103
101
98
96
90
98
105
106
104
102
103
100
101
99
100
100
99
100
101
103
106
114
24
16
14
13
8
20
75
110
101
98
101
101
104
101
99
101
101
98
96
90
103
105
105
104
103
103
100
100
99
100
100
101
102
101
104
111
120
13
13
13
14
11
13
20
30
75
96
101
98
95
98
99
99
101
99
99
98
95
95
96
98
103
104
102
102
101
99
98
98
98
99
98
99
101
103
104
103
30
19
16
16
83
87
95
98
98
98
101
103
98
95
98
95
95
98
98
98
98
95
95
98
95
95
93
95
95
95
95
98
95
97
97
98
98
98
98
100
98
95
87
83
36
83
96
92
95
97
99
101
98
98
95
95
95
95
93
93
93
95
95
98
98
99
98
93
87
87
93
90
90
92
95
98
95
97
98
98
98
99
98
98
95
96
20
83
96
92
95
97
99
98
104
101
98
95
98
98
95
95
95
95
95
100
100
101
101
95
93
93
95
95
95
98
95
99
98
100
99
99
99
98
99
98
96
11
30
96
96
95
95
97
99
101
101
101
99
98
95
95
95
95
95
95
95
100
100
101
101
101
101
101
95
98
98
98
98
101
101
99
99
99
99
99
98
98
96
8
13
30
96
93
95
95
97
99
101
101
101
100
100
99
99
97
97
97
99
99
100
101
104
104
103
103
103
101
103
103
103
103
101
101
104
104
104
104
104
103
126
5
11
20
75
101
95
95
95
99
99
101
101
102
99
99
97
97
97
97
97
99
100
101
104
104
105
105
105
105
103
103
106
106
106
106
103
109
109
109
103
114
120
170
5
6
13
0
96
96
95
95
95
99
99
102
102
103
100
100
98
98
98
98
98
99
100
101
104
105
105
107
107
110
108
106
111
106
111
115
114
126
140
140
140
173
0
8
5
11
20
120
103
98
98
99
98
99
99
101
101
101
101
98
98
98
98
98
99
100
101
104
103
108
108
108
110
113
112
113
111
120
115
132
140
160
170
177
177
9
8
8
13
30
110
101
95
98
99
98
99
99
101
101
101
101
98
98
98
98
99
100
104
103
106
116
112
116
113
120
124
133
132
160
170
177
3
5
11
11
8
13
0
103
98
101
95
98
98
99
99
101
101
101
98
98
98
98
99
100
99
103
104
120
124
124
133
132
150
170
170
177
0
2
10
11
13
13
20
75
101
95
98
99
100
100
99
99
101
101
100
100
100
99
99
98
101
101
106
145
145
160
170
169
3
0
2
5
11
11
13
19
30
96
98
101
99
99
100
100
99
99
100
100
100
99
99
98
98
95
101
98
5
11
12
16
19
0
90
95
98
99
100
100
100
100
100
100
100
100
100
100
99
95
95
98
101
13
12
16
19
75
101
95
99
101
100
100
100
100
100
100
100
100
98
99
98
95
93
101
96
165
13
15
16
19
75
96
101
99
101
100
100
100
100
100
99
99
99
99
98
95
95
96
96
75
173
15
17
15
15
21
36
83
101
98
101
98
101
101
101
101
101
98
101
98
95
96
101
96
75
20
17
14
15
15
18
16
19
24
30
75
110
103
103
103
103
98
95
104
98
101
96
110
0
20
11
14
15
12
14
13
16
14
13
13
20
165
120
120
114
103
103
103
103
110
120
165
6
11
11
12
12
11
11
13
11
8
11
6
6
165
165
0
114
103
103
114
120
140
173
0
6
9
9
10
9
11
8
11
8
8
11
11
11
6
140
120
126
120
156
173
0
6
3
5
8
8
9
8
8
11
11
8
6
170
173
156
173
170
177
177
0
5
8
8
11
9
9
11
11
3
177
177
177
175
0
0
7
10
9
12
12
11
2
0
0
2
0
8
11
11
10
8
5
3
