174
175
175
169
169
169
169
169
170
170
170
170
170
171
170
170
170
170
170
171
171
171
171
171
171
171
169
171
170
173
173
173
173
173
173
173
173
173
173
173
173
173
172
173
173
176
169
173
172
172
172
172
172
172
172
172
172
172
172
172
172
172
174
178
0
170
172
174
174
174
174
174
174
174
174
174
174
174
174
174
174
174
178
179
166
170
172
174
174
174
174
173
173
173
173
173
173
173
173
173
173
174
177
179
162
167
174
174
174
174
174
174
174
174
174
174
174
174
174
174
174
175
178
0
178
172
175
174
176
176
176
175
174
174
174
174
174
174
174
173
173
173
174
176
178
178
2
179
177
177
177
177
175
175
175
173
173
173
173
173
172
172
172
173
175
175
175
179
179
178
178
177
177
175
175
173
173
173
173
172
171
170
170
171
173
173
174
178
178
177
177
175
175
174
174
173
173
171
171
170
170
172
173
173
174
174
178
177
177
175
175
174
174
173
173
172
172
170
170
171
171
172
173
173
174
175
177
177
176
176
174
174
173
174
171
171
170
170
170
172
171
173
174
173
175
176
177
177
176
176
174
174
174
174
172
172
170
170
170
170
170
171
173
174
174
175
175
177
174
174
174
174
172
172
170
170
168
170
170
171
171
173
174
175
175
176
179
174
174
172
172
170
170
168
168
168
170
170
171
173
173
174
176
176
177
177
178
0
174
171
172
170
170
168
168
168
170
170
171
173
173
175
176
176
176
176
177
178
0
173
172
172
170
168
166
166
166
168
168
170
172
173
173
174
174
175
175
176
175
177
177
179
0
173
171
171
170
168
166
166
166
168
168
170
172
173
173
174
174
175
175
175
175
175
177
178
0
0
173
171
171
170
169
167
166
166
167
167
168
170
171
173
173
173
173
174
175
175
175
177
178
179
0
2
4
171
171
170
169
166
166
166
167
167
168
170
171
173
173
173
174
175
174
174
175
177
178
179
0
1
2
4
171
171
170
169
167
165
166
166
167
167
169
170
171
172
173
173
174
174
174
175
177
178
179
179
0
2
2
171
171
170
169
167
165
165
166
167
167
169
170
171
172
173
173
174
173
174
175
177
178
178
178
0
1
172
172
171
171
170
167
167
167
167
169
169
170
170
171
172
173
173
173
173
174
175
177
178
178
178
0
1
173
173
172
172
172
170
170
170
171
171
171
172
172
172
173
173
173
173
173
173
175
177
179
178
178
178
0
174
173
173
172
172
172
171
172
172
172
172
173
173
173
173
173
173
173
173
173
174
177
178
178
178
178
179
0
173
173
172
172
172
172
172
172
172
172
173
173
173
173
173
173
174
174
174
175
177
178
178
178
178
179
0
1
173
172
172
172
172
172
172
173
173
173
174
173
173
174
174
174
175
177
178
178
178
178
179
0
1
172
172
172
173
173
173
172
173
173
173
174
174
174
173
175
177
178
178
178
178
179
0
1
3
172
172
173
172
172
172
173
173
174
174
174
173
173
174
177
178
178
178
178
178
0
1
173
173
172
172
173
173
173
173
174
174
174
174
174
175
177
178
178
178
178
178
0
173
173
172
173
173
173
173
174
174
173
174
174
174
175
177
178
178
178
178
178
179
173
173
174
173
173
174
174
174
174
174
174
174
174
175
176
177
178
178
178
178
179
173
173
173
174
174
174
174
174
174
174
174
174
175
176
177
178
178
178
178
179
174
174
174
174
175
175
174
174
175
175
175
175
176
177
178
178
178
178
179
0
175
174
174
175
175
174
174
175
175
175
176
176
177
178
178
178
178
179
0
174
175
175
175
175
175
175
175
175
176
176
177
178
178
178
178
179
0
175
175
175
175
175
175
175
175
176
177
177
178
178
178
178
179
0
2
175
175
175
175
175
175
176
176
177
177
178
178
178
178
179
0
2
174
175
175
175
175
176
177
178
178
178
178
178
178
179
0
175
175
176
178
0
1
1
1
0
1
1
174
175
176
177
178
1
2
2
2
174
175
175
176
177
178
1
2
175
175
176
177
178
178
1
2
2
175
176
177
178
177
178
1
2
1
177
178
178
178
179
0
2
178
178
178
178
178
178
179
179
179
0
0
